0.09300482911398499
0.09300482911398499
0.09300482911398499
0.09254900094394276
0.09239705839020208
0.09232108704972922
0.09227550360215146
0.09224511529129695
0.0922234093549723
0.09220712990272881
0.09219446810653943
0.09218433866958793
0.09217605094844579
0.09216914451416067
0.09216330060822711
0.09215829154599835
0.09215395035873342
0.0921501518198766
0.09214680016794412
0.09214382092178192
0.09214115528047888
0.09213875620330615
0.0921365856096737
0.09213461234273508
0.09213281066422592
0.09213115912559253
0.09212963971004981
0.09212823717262575
0.09212693852686274
0.09212573264151136
0.09212460992066698
0.0921235620478789
0.09212258177978681
0.09212166277845049
0.09212079947416485
0.09211998695248426
0.09211922086061397
0.09211849732940315
0.09211781290798751
