0.01015706255367571
0.01015706255367571
0.01015706255367571
0.009522979346774063
0.00931161730843634
0.009205936641636782
0.00914253584523799
0.009100260513141842
0.00907006384735888
0.00904741634802166
0.009029801626314931
0.00901570984894955
0.009004180212923327
0.008994572182901476
0.008986442311344526
0.008979473850009995
0.008973434516853403
0.008968150100341384
0.008963487379889603
0.008959342739488022
0.008955634377023446
0.00895229685080533
0.008949277184227033
0.008946532032792219
0.008944025590177823
0.008941728017781293
0.008939614251176486
0.008937663082002818
0.00893585644387905
0.008934178851335553
0.008932616954829537
0.008931159184757257
0.008929795464660158
0.008928516976785187
0.008927315973023852
0.008926185616542594
0.008925119851860267
0.008924113296326957
0.008923161149200852
