0.0634561196571534
0.0634561196571534
0.03421303897204513
0.023413332814646023
0.01778026840377318
0.014331861120299437
0.012007462886538086
0.010335513877121404
0.00907705428292879
0.008097192307752443
0.007313113842250371
0.0066716153213970866
0.006137035034103101
0.005684699530893016
0.005296991742264219
0.004960973585735272
0.004666961719411164
0.004407586988973281
0.00417697204867948
0.003970637369787516
0.0037849488841134077
0.003616937590112886
0.0034642071273153856
0.0033247584023951525
0.003196928667073631
0.0030793240374300582
0.0029708100766379047
0.0028702842400693956
0.0027769427283484294
0.002689797420635429
0.0026084107584691497
0.002532279159605401
0.0024609068437279704
0.0023938620076790974
0.0023307856035197
0.002271279448182736
