0.09294568776357465
0.09251948627075407
0.09237738444462297
0.09230633176772332
0.09226370016158354
0.09223527909082369
0.0922149783259952
0.09219975275237385
0.09218791063955725
0.09217843694930396
0.09217068574818764
0.09216422641392404
0.09215876082339329
0.0921540760315098
0.0921500158785441
0.09214646324469912
0.09214332856777709
0.09214054218829082
0.09213804911190837
0.09213580534316418
0.09213377526668133
0.09213192974260602
0.09213024469888507
0.09212870007547422
0.09212727902193622
0.09212596728020885
0.09212475270453534
0.09212362488426709
0.092122574844707
0.09212159480778424
0.09212067799905006
0.09211981849086176
0.0921190110740788
0.09211825115240073
0.09211753465481855
0.0921168579626576
0.0921162178484513
0.09211561142446638
0.09211503609914735
0.09211448954009428
0.09211396964245844
0.09211347450185287
0.09211300239104289
0.0921125517398152
0.09211212111753096
0.09211170921795474
0.09211131484602005
0.0921109369062493
0.09211057439259165
0.0921102263794803
0.09210989201394196
0.09210957050861661
0.09210926113556771
0.09210896322077987
0.09210867613925704
0.09210839931064574
0.09210813219531905
0.0921078742908657
0.09210762512893618
0.09210738427240432
0.09210715131280793
0.09210692586803722
0.09210670758024336
0.09210649611394307
0.09210629115429816
0.09210609240555159
0.09210589958960343
0.09210571244471256
0.09210553072431128
0.09210535419592147
0.09210518264016236
0.092105015849841
0.09210485362911748
0.09210469579273785
0.09210454216532833
0.09210439258074539
0.09210424688147628
0.09210410491808588
0.09210396654870535
