0.010233206009753503
0.00956132462782013
0.009337206851412747
0.009225126101724837
0.009157877651912092
0.00911304535203693
0.009081022280697525
0.009057004977192975
0.009038324852244988
0.0090233807522866
0.009011153761411556
0.00900096460234902
0.00899234300621918
0.008984953066679319
0.008978548452411438
0.008972944414927042
0.008967999675970223
0.00896360435245305
0.008959671694569264
0.008956132302473855
0.008952929995339915
0.008950018807036334
0.008947360765541758
0.008944924227505065
0.008942682612511306
0.008940613429440145
0.008938697519189069
0.008936918459670214
0.00893526209391128
0.008933716152536273
0.008932269949314495
0.008930914133794076
0.00892964048891126
0.008928441764315667
0.008927311538268394
0.00892624410255708
0.008925234366073405
0.008924277773615187
0.008923370237180466
0.008922508077567483
0.008921687974520986
0.008920906924000513
0.008920162201411225
0.008919451329848721
0.008918772052577887
0.008918122309101434
0.008917500214283555
0.008916904040083088
0.008916332199523456
0.008915783232586209
0.008915255793764149
0.008914748641050628
0.008914260626175353
0.00891379068592509
0.0089133378344112
0.008912901156165663
0.008912479799963829
0.008912072973286195
0.008911679937343396
0.008911300002598693
0.008910932524730863
0.008910576900987802
0.008910232566887378
0.008909898993227593
0.008909575683372724
0.008909262170786185
0.008908958016784319
0.008908662808488389
0.00890837615695466
0.008908097695464752
0.008907827077960475
0.008907563977609095
0.00890730808548652
0.008907059109367258
0.008906816772611176
0.008906580813138148
0.008906350982482603
0.008906127044920789
0.008905908776664338
