0.23333210455844314
0.14020836447570018
0.10358700038017175
0.08266654010612245
0.06866145749394668
0.05846740506169182
0.05070266613435773
0.044640731517077856
0.03982823822094597
0.0359456829759917
0.03275712935664142
0.030096762241914914
0.027844907258309407
0.025914441105085815
0.024240515707609645
0.022775799033856525
0.02148339910448313
0.020334599617326653
0.019306726707575217
0.018381640998800654
0.017544659032279104
0.016783766067698994
0.016089037877154065
0.015452203752792546
0.014866316259977771
0.014325496917156944
0.013824738527860791
0.013359748648468122
0.01292682693998233
0.012522766594176381
0.012144774658530625
0.011790407357704858
0.011457516769298211
0.01114420800698763
0.010848802668506925
0.010569808569487226
0.010305895305904157
0.010055872286790285
0.009818670902676558
0.009593329575788031
0.009378980572559734
0.009174838623038193
0.008980191650101981
0.008794392323826245
0.008616850626215446
0.008447028215928768
0.008284432229178582
0.008128611127745914
0.007979150074872527
0.007835667453271836
0.007697811604441611
0.007565257934712884
0.00743770623615837
0.007314878700061753
0.0071965176388678114
0.00708238373758277
0.006972254542865028
0.006865922861848174
0.006763195721166915
0.006663892784635527
0.006567845699497543
0.006474896874031253
0.0063848988667670045
0.006297713183468614
0.0062132101866052315
0.006131267928576132
0.0060517716732083875
0.005974613500771866
0.005899691810450907
0.0058269107955552955
0.005756179917501273
0.005687413766148583
